ets Jun  8 2016 00:22:57

rst:0x1 (POWERON_RESET),boot:0x1f (SPI_FAST_FLASH_BOOT)
configsip: 0, SPIWP:0xee
clk_drv:0x00,q_drv:0x00,d_drv:0x00,cs0_drv:0x00,hd_drv:0x00,wp_drv:0x00
mode:DIO, clock div:1
load:0x3fff0018,len:4
load:0x3fff001c,len:1216
ho 0 tail 12 room 4
load:0x40078000,len:10944
load:0x40080400,len:6388
entry 0x400806b4
Connecting to Octava +
......
WiFi connected.
IP address: 
192.168.22.33
34 22.69 0 0 -0.25 3.68 2.26  
68 22.69 0 0 -0.05 3.65 2.49  
102 22.69 0 0 -0.12 3.56 2.35  
136 22.69 0 0 -0.36 3.60 2.20  
170 22.69 0 0 0.02 3.56 2.44  
204 22.69 0 0 -0.11 3.64 2.35  
238 22.69 0 1 -0.19 3.51 2.19  
272 22.69 0 1 2.36 3.53 1.99  
306 22.69 0 1 2.25 3.65 1.71  
340 22.69 0 1 2.13 3.61 1.58  
374 22.69 0 1 2.37 3.46 1.61  
408 22.69 0 1 2.27 3.56 1.34  
442 22.69 0 1 2.25 3.42 1.13  
476 22.69 0 1 2.44 3.39 1.21  
510 22.69 1 1 2.26 3.30 1.08  
544 22.69 1 1 2.28 3.36 1.04  
578 22.69 1 1 2.27 3.27 0.98  
612 22.69 1 1 2.30 3.38 0.95  
646 22.69 1 1 2.28 3.38 0.89  
680 22.69 1 1 2.43 3.37 0.92  
714 22.69 1 1 2.36 3.35 0.95  
748 22.69 1 1 2.27 3.25 0.75  
782 22.69 1 1 2.42 3.36 0.83  
816 22.69 1 1 2.34 3.31 0.70  
850 22.69 1 1 2.30 3.21 0.66  
884 22.69 1 1 2.43 3.17 0.68  
918 22.69 1 1 2.34 3.26 0.62  
952 22.69 1 1 2.30 3.10 0.52  
986 22.69 1 1 2.47 3.23 0.63  
1020 22.69 1 1 2.36 3.02 0.47  
1054 22.69 1 1 2.31 3.03 0.39  
1088 22.69 1 1 2.43 3.16 0.41  
1122 22.69 1 1 2.34 3.10 0.33  
1156 22.69 1 1 2.29 3.06 0.20  
1190 22.69 1 1 2.46 3.09 0.35  
1224 22.69 1 1 2.36 3.07 0.24  
1258 22.69 1 1 2.31 3.12 0.13  
1292 22.69 1 1 2.37 3.12 0.17  
1326 22.69 1 1 2.36 3.22 0.18  
1360 22.69 1 1 2.34 3.16 0.08  
1394 22.69 1 1 2.42 3.08 0.09  
1428 22.69 1 1 2.35 3.12 0.04  
1462 22.69 1 1 2.32 3.10 0.04  
1496 22.69 1 1 2.41 3.06 0.03  
1530 22.69 1 1 2.38 3.13 0.00  
1564 22.69 1 1 2.33 3.07 -0.06  
1598 22.69 1 1 2.40 3.05 0.03  
1632 22.69 1 1 2.39 3.07 -0.05  
1666 22.69 1 1 2.32 3.15 -0.03  
1700 22.69 1 1 2.30 3.02 -0.09  
1734 22.69 1 1 2.39 3.00 -0.15  
1768 22.69 1 1 2.31 3.05 -0.13  
1802 22.69 1 1 2.31 3.15 -0.12  
1836 22.69 1 1 2.38 3.14 -0.11  
1870 22.69 1 1 2.34 3.10 -0.15  
1904 22.69 1 1 2.41 3.10 -0.02  
1938 22.69 1 1 2.36 3.02 -0.10  
1972 22.69 1 1 2.32 3.10 -0.10  
2006 22.69 1 1 2.39 3.05 -0.08  
2040 22.69 1 1 2.39 2.99 -0.11  
2074 22.69 1 1 2.35 3.07 -0.14  
2108 22.69 1 1 2.30 3.12 -0.12  
2142 22.69 1 1 2.39 3.05 -0.08  
2176 22.69 1 1 2.31 3.12 -0.17  
2210 22.69 1 1 2.38 3.09 -0.11  
2244 22.69 1 1 2.41 3.10 -0.11  
2278 22.69 1 1 2.40 3.07 -0.13  
2312 22.69 1 1 2.35 3.11 -0.13  
2346 22.69 1 1 2.38 3.19 -0.11  
2380 22.69 1 1 2.34 3.11 -0.11  
2414 22.69 1 1 2.36 3.02 -0.13  
2448 22.69 1 1 2.39 3.10 -0.11  
2482 22.69 1 1 2.35 3.01 -0.06  
2516 22.69 1 1 2.37 3.14 -0.13  
2550 22.69 1 1 2.42 3.05 -0.09  
2584 22.69 1 1 2.36 2.99 -0.15  
2618 22.69 1 1 2.33 3.11 -0.04  
2652 22.69 1 1 2.40 2.96 -0.05  
2686 22.69 1 1 2.36 3.02 -0.13  
2720 22.69 1 1 2.36 3.07 -0.10  
2754 22.69 1 1 2.41 3.15 -0.11  
2788 22.69 1 1 2.38 3.00 -0.16  
2822 22.69 1 1 2.36 3.09 -0.15  
2856 22.69 1 1 2.42 3.10 -0.09  
2890 22.69 1 1 2.37 3.25 -0.12  
2924 22.69 1 1 2.31 3.06 -0.17  
2958 22.69 1 1 2.41 3.13 -0.11  
2992 22.69 1 1 2.37 3.10 -0.19  
3026 22.69 1 1 2.38 3.08 -0.15  
3060 22.69 1 1 2.42 3.02 -0.10  
3094 22.69 1 1 2.39 3.00 -0.15  
3128 22.69 1 1 2.38 3.05 -0.14  
3162 22.69 1 1 2.45 3.08 -0.13  
3196 22.69 1 1 2.38 3.09 -0.11  
3230 22.69 1 1 2.38 2.95 -0.15  
3264 22.69 1 1 2.42 3.07 -0.09  
3298 22.69 1 1 2.40 3.04 -0.14  
3332 22.69 1 1 2.40 3.01 -0.19  
3366 22.69 1 1 2.42 3.15 -0.10  
3400 22.69 1 1 2.38 2.94 -0.19  
3434 22.69 1 1 2.38 3.02 -0.11  
3468 22.69 1 1 2.42 3.05 -0.11  
3502 22.69 1 1 2.36 3.07 -0.14  
3536 22.69 1 1 2.37 2.99 -0.13  
3570 22.69 1 1 2.37 3.07 -0.12  
3604 22.69 1 1 2.39 3.09 -0.11  
3638 22.69 1 1 2.39 3.06 -0.11  
3672 22.69 1 1 2.46 3.19 -0.12  
3706 22.69 1 1 2.40 3.12 -0.12  
3740 22.69 1 1 2.41 3.05 -0.15  
3774 22.69 1 1 2.46 3.19 -0.12  
3808 22.69 1 1 2.40 3.05 -0.15  
3842 22.69 1 1 2.40 3.06 -0.14  
3876 22.69 1 1 2.45 3.00 -0.11  
3910 22.69 1 1 2.42 2.99 -0.14  
3944 22.69 1 1 2.41 3.09 -0.11  
3978 22.69 1 1 2.46 3.07 -0.12  
4012 22.69 1 1 2.41 2.97 -0.14  
4046 22.69 1 1 2.41 2.99 -0.13  
4080 22.69 1 1 2.44 2.97 -0.10  
4114 22.69 1 1 2.40 3.04 -0.15  
4148 22.69 1 1 2.41 2.97 -0.12  
4182 22.69 1 1 2.46 3.16 -0.11  
4216 22.69 1 1 2.39 3.15 -0.14  
4250 22.69 1 1 2.40 3.05 -0.14  
4284 22.69 1 1 2.47 3.13 -0.11  
4318 22.69 1 1 2.41 3.10 -0.14  
4352 22.69 1 1 2.43 3.02 -0.15  
4386 22.69 1 1 2.47 3.09 -0.12  
4420 22.69 1 1 2.40 3.01 -0.14  
4454 22.69 1 1 2.41 3.06 -0.13  
4488 22.69 1 1 2.50 3.01 -0.11  
4522 22.69 1 1 2.41 3.05 -0.13  
4556 22.69 1 1 2.42 3.07 -0.14  
4590 22.69 1 1 2.47 3.05 -0.11  
4624 22.69 1 1 2.42 3.08 -0.12  
4658 22.69 1 1 2.40 2.95 -0.12  
4692 22.69 1 1 2.46 2.97 -0.11  
4726 22.69 1 1 2.42 3.15 -0.18  
4760 22.69 1 1 2.43 3.11 -0.15  
4794 22.69 1 1 2.47 3.07 -0.11  
4828 22.69 1 1 2.43 2.97 -0.16  
4862 22.69 1 1 2.41 3.07 -0.16  
4896 22.69 1 1 2.49 3.04 -0.10  
4930 22.69 1 1 2.46 3.07 -0.12  
4964 22.69 1 1 2.42 3.11 -0.12  
4998 22.69 1 1 2.52 3.17 -0.18  
5032 22.69 1 1 2.44 3.16 -0.13  
5066 22.69 1 1 2.44 3.03 -0.13  
5100 22.69 1 1 2.49 3.10 -0.10  
5134 22.69 1 1 2.43 3.06 -0.17  
5168 22.69 1 1 2.47 3.00 -0.12  
5202 22.69 1 1 2.49 3.12 -0.12  
5236 22.69 1 1 2.45 2.97 -0.14  
5270 22.69 1 1 2.46 3.04 -0.13  
5304 22.69 1 1 2.50 2.95 -0.10  
5338 22.69 1 1 2.46 3.07 -0.14  
5372 22.69 1 1 2.46 3.18 -0.14  
5406 22.69 1 1 2.49 3.23 -0.11  
5440 22.69 1 1 2.45 3.00 -0.14  
5474 22.69 1 1 2.47 3.00 -0.15  
5508 22.69 1 1 2.52 3.11 -0.11  
5542 22.69 1 1 2.42 3.06 -0.11  
5576 22.69 1 1 2.46 2.96 -0.15  
5610 22.69 1 1 2.51 3.15 -0.10  
5644 22.69 1 1 2.44 3.07 -0.15  
5678 22.69 1 1 2.46 3.07 -0.12  
5712 22.69 1 1 2.52 3.05 -0.07  
5746 22.69 1 1 2.46 3.01 -0.14  
5780 22.69 1 1 2.47 3.00 -0.21  
5814 22.69 1 1 2.53 3.14 -0.11  
5848 22.69 1 1 2.43 3.05 -0.14  
5882 22.69 1 1 2.46 3.00 -0.13  
5916 22.69 1 1 2.52 3.10 -0.11  
5950 22.69 1 1 2.45 3.07 -0.14  
5984 22.69 1 1 2.47 3.15 -0.12  
6018 22.69 1 1 2.55 3.15 -0.09  
6052 22.69 1 1 2.46 3.09 -0.13  
6086 22.69 1 1 2.45 3.01 -0.11  
6120 22.69 1 1 2.53 3.12 -0.11  
6154 22.69 1 1 2.48 3.05 -0.11  
6188 22.69 1 1 2.46 3.17 -0.11  
6222 22.69 1 1 2.55 3.09 -0.10  
6256 22.69 1 1 2.46 3.07 -0.17  
6290 22.69 1 1 2.48 3.09 -0.18  
6324 22.69 1 1 2.52 3.02 -0.11  
6358 22.69 1 1 2.46 2.96 -0.13  
6392 22.69 1 1 2.48 3.10 -0.11  
6426 22.69 1 1 2.55 3.03 -0.09  
6460 22.69 1 1 2.45 3.04 -0.16  
6494 22.69 1 1 2.48 2.96 -0.17  
6528 22.69 1 1 2.57 3.18 -0.11  
6562 22.69 1 1 2.48 3.07 -0.12  
6596 22.69 1 1 2.48 3.17 -0.14  
6630 22.69 1 1 2.55 3.11 -0.11  
6664 22.69 1 1 2.47 3.00 -0.17  
6698 22.69 1 1 2.48 3.11 -0.12  
6732 22.69 1 1 2.58 3.01 -0.09  
6766 22.69 1 1 2.44 2.95 -0.23  
6800 22.69 1 1 2.47 3.00 -0.14  
6834 22.69 1 1 2.55 3.16 -0.09  
6868 22.69 1 1 2.52 3.06 -0.10  
6902 22.69 1 1 2.50 3.15 -0.14  
6936 22.69 1 1 2.58 3.10 -0.11  
6970 22.69 1 1 2.38 2.95 -0.35  
7004 22.69 1 1 2.49 3.12 -0.13  
7038 22.69 1 1 2.59 3.02 -0.11  
7072 22.69 1 1 2.46 3.01 -0.18  
7106 22.69 1 1 2.48 3.11 -0.07  
7140 22.69 1 1 2.59 3.02 -0.12  
7174 22.69 1 1 2.43 3.11 -0.22  
7208 22.69 1 1 2.50 3.13 -0.14  
7242 22.69 1 1 2.58 3.07 -0.11  
7276 22.69 1 1 2.42 2.95 -0.17  
7310 22.69 1 1 2.51 3.12 -0.11  
7344 22.69 1 1 2.58 3.12 -0.07  
7378 22.69 1 1 2.43 3.01 -0.27  
7412 22.69 1 1 2.53 2.94 -0.07  
7446 22.69 1 1 2.59 2.95 -0.10  
7480 22.69 1 1 2.47 3.00 -0.17  
7514 22.69 1 1 2.51 3.00 -0.14  
7548 22.69 1 1 2.57 3.13 -0.11  
7582 22.69 1 1 2.43 3.05 -0.19  
7616 22.69 1 1 2.50 3.17 -0.16  
7650 22.69 1 1 2.59 3.12 -0.09  
7684 22.69 1 1 2.54 3.02 -0.19  
7718 22.69 1 1 2.52 2.87 -0.17  
7752 22.69 1 1 2.59 3.10 -0.11  
7786 22.69 1 1 2.45 3.11 -0.18  
7820 22.69 1 1 2.53 3.15 -0.14  
7854 22.69 1 1 2.60 3.11 -0.08  
7888 22.69 1 1 2.45 3.10 -0.18  
7922 22.69 1 1 2.52 3.07 -0.11  
7956 22.69 1 1 2.61 3.15 -0.09  
7990 22.69 1 1 2.45 3.15 -0.16  
8024 22.69 1 1 2.52 2.95 -0.11  
8058 22.69 1 1 2.55 3.06 -0.06  
8092 22.69 1 1 2.47 3.01 -0.08  
8126 22.69 1 1 2.52 3.02 -0.13  
8160 22.69 1 1 2.65 3.14 -0.08  
8194 22.69 1 1 2.44 2.95 -0.19  
8228 22.69 1 1 2.54 3.00 -0.15  
8262 22.69 1 1 2.62 3.17 -0.08  
8296 22.69 1 1 2.42 3.09 -0.12  
8330 22.69 1 1 2.53 3.09 -0.11  
8364 22.69 1 1 2.61 3.03 -0.09  
8398 22.69 1 1 2.43 2.96 -0.19  
8432 22.69 1 1 2.53 3.05 -0.11  
8466 22.69 1 1 2.61 3.05 -0.09  
8500 22.69 1 1 2.40 3.06 -0.23  
8534 22.69 1 1 2.47 2.99 -0.11  
8568 22.69 1 1 2.59 3.16 -0.17  
8602 22.69 1 1 2.41 3.10 -0.24  
8636 22.69 1 1 2.62 2.95 -0.14  
8670 22.69 1 1 2.57 3.17 -0.06  
8704 22.69 1 1 2.41 2.93 -0.20  
8738 22.69 1 1 2.59 3.06 -0.08  
8772 22.69 1 1 2.59 3.08 -0.15  
8806 22.69 1 1 2.53 3.10 -0.28  
8840 22.69 1 1 2.56 3.07 -0.09  
8874 22.69 1 1 2.60 3.11 -0.09  
8908 22.69 1 1 2.53 3.02 -0.16  
8942 22.69 1 1 2.59 3.05 -0.11  
8976 22.69 1 1 2.62 3.14 -0.05  
9010 22.69 1 1 2.47 2.97 -0.13  
9044 22.69 1 1 2.60 3.12 -0.11  
9078 22.69 1 1 2.61 3.02 -0.11  
9112 22.69 1 1 2.53 2.97 -0.14  
9146 22.69 1 1 2.56 3.04 -0.11  
9180 22.69 1 1 2.61 3.10 -0.10  
9214 22.69 1 1 2.49 3.11 -0.14  
9248 22.69 1 1 2.62 3.13 -0.11  
9282 22.69 1 1 2.60 3.14 -0.11  
9316 22.69 1 1 2.61 3.23 -0.10  
9350 22.69 1 1 2.62 3.17 -0.10  
9384 22.69 1 1 2.62 3.02 -0.11  
9418 22.69 1 1 2.62 3.02 -0.12  
9452 22.69 1 1 2.63 3.14 -0.09  
9486 22.69 1 1 2.59 3.09 -0.10  
9520 22.69 1 1 2.61 3.19 -0.11  
9554 22.69 1 1 2.62 3.01 -0.11  
9588 22.69 1 1 2.63 3.11 -0.11  
9622 22.69 1 1 2.63 2.96 -0.11  
9656 22.69 1 1 2.62 2.96 -0.09  
9690 22.69 1 1 2.60 3.16 -0.12  
9724 22.69 1 1 2.62 3.10 -0.09  
9758 22.69 1 1 2.60 3.15 -0.11  
9792 22.69 1 1 2.64 3.02 -0.14  
9826 22.69 1 1 2.60 3.00 -0.10  
9860 22.69 1 1 2.61 2.95 -0.11  
9894 22.69 1 1 2.62 3.00 -0.18  
9928 22.69 1 1 2.62 3.09 -0.10  
9962 22.69 1 1 2.62 3.18 -0.11  
9996 22.69 1 1 2.63 3.12 -0.06  
10030 22.69 1 1 2.63 3.12 -0.17  
10064 22.69 1 1 2.63 3.14 -0.08  
10098 22.69 1 1 2.61 3.02 -0.07  
10132 22.69 1 1 2.64 3.03 -0.11  
10166 22.69 1 1 2.65 3.12 -0.18  
10200 22.69 1 1 2.62 3.16 -0.15  
10234 22.69 1 1 2.64 3.03 -0.11  
10268 22.69 1 1 2.65 3.03 -0.11  
10302 22.69 1 1 2.65 3.09 -0.11  
10336 22.69 1 1 2.65 3.04 -0.12  
10370 22.69 1 1 2.62 2.96 -0.12  
10404 22.69 1 1 2.63 3.07 -0.10  
10438 22.69 1 1 2.64 3.04 -0.05  
10472 22.69 1 1 2.64 3.02 -0.11  
10506 22.69 1 1 2.62 3.05 -0.16  
10540 22.69 1 1 2.65 3.04 -0.11  
10574 22.69 1 1 2.65 3.05 -0.08  
10608 22.69 1 1 2.64 3.07 -0.11  
10642 22.69 1 1 2.64 3.00 -0.10  
10676 22.69 1 1 2.67 3.09 -0.08  
10710 22.69 1 1 2.63 3.05 -0.11  
10744 22.69 1 1 2.66 3.07 -0.11  
10778 22.69 1 1 2.66 3.02 -0.19  
10812 22.69 1 1 2.65 3.15 -0.09  
10846 22.69 1 1 2.67 3.07 -0.11  
10880 22.69 1 1 2.55 3.00 -0.11  
10914 22.69 1 1 2.65 3.15 -0.12  
10948 22.69 1 1 2.66 3.04 -0.12  
10982 22.69 1 1 2.65 3.05 -0.10  
11016 22.69 1 1 2.66 3.00 -0.10  
11050 22.69 1 1 2.67 3.02 -0.11  
11084 22.69 1 1 2.69 3.12 -0.12  
11118 22.69 1 1 2.66 3.05 -0.12  
11152 22.69 1 1 2.66 2.98 -0.09  
11186 22.69 1 1 2.65 3.12 -0.12  
11220 22.69 1 1 2.68 3.07 -0.11  
11254 22.69 1 1 2.67 3.09 -0.12  
11288 22.69 1 1 2.70 3.23 -0.12  
11322 22.69 1 1 2.68 3.11 -0.11  
11356 22.69 1 1 2.69 3.04 -0.11  
11390 22.69 1 1 2.68 3.05 -0.09  
11424 22.69 1 1 2.66 3.16 -0.15  
11458 22.69 1 1 2.70 3.16 -0.11  
11492 22.69 1 1 2.68 2.98 -0.10  
11526 22.69 1 1 2.69 3.05 -0.11  
11560 22.69 1 1 2.69 3.16 -0.14  
11594 22.69 1 1 2.70 3.10 -0.10  
11628 22.69 1 1 2.69 3.04 -0.13  
11662 22.69 1 1 2.67 3.05 -0.09  
11696 22.69 1 1 2.68 3.05 -0.11  
11730 22.69 1 1 2.68 3.01 -0.11  
11764 22.69 1 1 2.68 3.05 -0.06  
11798 22.69 1 1 2.68 3.07 -0.08  
11832 22.69 1 1 2.68 3.05 -0.10  
11866 22.69 1 1 2.71 3.00 -0.11  
11900 22.69 1 1 2.70 3.05 -0.10  
11934 22.69 1 1 2.67 2.99 -0.13  
11968 22.69 1 1 2.70 2.97 -0.10  
12002 22.69 1 1 2.68 3.06 -0.11  
12036 22.69 1 1 2.70 3.10 -0.11  
12070 22.69 1 1 2.68 3.08 -0.10  
12104 22.69 1 1 2.69 3.00 -0.11  
12138 22.69 1 1 2.68 3.00 -0.12  
12172 22.69 1 1 2.66 2.86 -0.11  
12206 22.69 1 1 2.71 2.89 -0.12  
12240 22.69 1 1 2.70 2.90 -0.11  
12274 22.69 1 1 2.71 2.95 -0.11  
12308 22.69 1 1 2.69 2.95 -0.11  
12342 22.69 1 1 2.70 2.85 -0.11  
12376 22.69 1 1 2.69 2.92 -0.09  
12410 22.69 1 1 2.75 2.81 -0.05  
12444 22.69 1 0 2.74 2.76 -0.06  
12478 22.69 1 0 2.30 3.26 1.81  
12512 22.69 1 0 2.15 3.85 2.76  
12546 22.69 1 0 2.05 3.70 2.73  
12580 22.69 1 0 2.00 3.46 2.72  
12614 22.69 1 0 1.99 3.55 2.72  
12648 22.69 1 0 2.02 3.40 2.74  
12682 22.69 1 0 2.04 3.49 2.74  
12716 22.69 1 0 2.04 3.55 2.72  
12750 22.69 1 0 2.08 3.55 2.70  
12784 22.69 1 0 2.15 3.39 2.73  
12818 22.69 1 0 2.13 3.47 2.73  
12852 22.69 0 0 2.18 0.00 2.65  
12886 22.69 0 0 2.09 4.51 2.74  
12920 22.69 0 0 1.90 3.31 2.72  
12954 22.69 0 0 1.75 4.16 2.72  
12988 22.69 0 0 1.68 4.01 2.75  
13022 22.69 1 0 1.55 3.94 2.73  
13056 22.69 1 0 1.48 3.81 2.78  
13090 22.69 1 0 1.44 3.85 2.77  
13124 22.69 1 0 1.36 3.81 2.73  
13158 22.69 0 0 1.32 3.77 2.72  
13192 22.69 0 0 1.30 3.61 2.74  
13226 22.69 0 0 1.27 3.66 2.75  
13260 22.69 0 0 1.20 0.00 2.78  
13294 22.69 0 0 1.15 5.38 2.75  
13328 22.69 0 0 1.06 5.15 2.75  
13362 22.69 0 0 0.97 3.96 2.74  
13396 22.69 0 0 0.98 3.43 2.78  
13430 22.69 0 0 0.86 3.61 2.77  
13464 22.69 0 0 0.81 3.50 2.81  
13498 22.69 0 0 0.77 3.63 2.77  
13532 22.69 0 0 0.71 3.51 2.76  
13566 22.69 0 0 0.65 3.71 2.76  
13600 22.69 0 0 0.80 3.70 2.85  
13634 22.69 0 0 0.57 3.74 2.76  
13668 22.69 0 0 0.52 3.64 2.86  
13702 22.69 0 0 0.49 3.72 2.75  
13736 22.69 0 0 0.43 3.55 2.76  
13770 22.69 0 0 0.39 3.61 2.78  
13804 22.69 0 0 0.39 3.58 2.78  
13838 22.69 0 0 0.29 3.72 2.77  
13872 22.69 0 0 0.26 3.54 2.75  
13906 22.69 0 0 0.28 3.51 2.79  
13940 22.69 0 0 0.25 3.65 2.78  
13974 22.69 0 0 0.18 3.62 2.79  
14008 22.69 0 0 0.23 3.60 2.78  
14042 22.69 0 0 0.15 3.65 2.73  
14076 22.69 0 0 0.11 3.60 2.78  
14110 22.69 0 0 0.17 3.60 2.79  
14144 22.69 0 0 0.08 3.65 2.78  
14178 22.69 0 0 0.04 3.64 2.78  
14212 22.69 0 0 0.14 3.53 2.80  
14246 22.69 0 0 0.01 3.68 2.79  
14280 22.69 0 0 -0.01 3.66 2.72  
14314 22.69 0 0 0.03 3.60 2.79  
14348 22.69 0 0 -0.00 3.72 2.79  
14382 22.69 0 0 -0.04 3.68 2.80  
14416 22.69 0 0 0.01 3.61 2.81  
14450 22.69 0 0 -0.06 3.64 2.79  
14484 22.69 0 0 -0.05 3.57 2.78  
14518 22.69 0 0 0.01 3.76 2.81  
14552 22.69 0 0 -0.06 3.66 2.85  
14586 22.69 0 0 -0.07 3.68 2.79  
14620 22.69 0 0 -0.01 3.55 2.84  
14654 22.69 0 0 -0.05 3.74 2.81  
14688 22.69 0 0 -0.05 3.63 2.80  
14722 22.69 0 0 0.01 3.60 2.84  
14756 22.69 0 0 -0.07 3.70 2.81  
14790 22.69 0 0 -0.06 3.65 2.78  
14824 22.69 0 0 0.01 3.68 2.82  
14858 22.69 0 0 -0.08 3.60 2.77  
14892 22.69 0 0 -0.08 3.64 2.81  
14926 22.69 0 0 0.01 3.61 2.93  
14960 22.69 0 0 -0.08 3.65 2.79  
14994 22.69 0 0 -0.05 3.67 2.84  
15028 22.69 0 0 0.04 3.69 2.85  
15062 22.69 0 0 -0.06 3.75 2.81  
15096 22.69 0 0 -0.06 3.64 2.79  
15130 22.69 0 0 0.01 3.71 2.83  
15164 22.69 0 0 -0.07 3.62 2.79  
15198 22.69 0 0 -0.06 3.65 2.83  
15232 22.69 0 0 0.10 3.67 2.88  
15266 22.69 0 0 -0.07 3.63 2.81  
15300 22.69 0 0 -0.06 3.56 2.79  
15334 22.69 0 0 0.09 3.65 2.87  
15368 22.69 0 0 -0.06 3.65 2.84  
15402 22.69 0 0 -0.08 3.60 2.81  
15436 22.69 0 0 0.09 3.75 2.88  
15470 22.69 0 0 -0.06 3.60 2.85  
15504 22.69 0 0 -0.06 3.68 2.79  
15538 22.69 0 0 0.01 3.60 2.94  
15572 22.69 0 0 -0.05 3.71 2.81  
15606 22.69 0 0 -0.06 3.61 2.84  
15640 22.69 0 0 0.12 3.55 2.88  
15674 22.69 0 0 -0.07 3.45 2.82  
15708 22.69 0 0 -0.06 3.53 2.80  
15742 22.69 0 0 0.12 3.65 2.90  
15776 22.69 0 0 -0.06 3.48 2.81  
15810 22.69 0 0 -0.04 3.51 2.81  
 button triggered
sw1,relay,pressure1,pressure2,pressure3
 0 0 -0.06 3.60 3.14 
sw1,relay,pressure1,pressure2,pressure3
 0 0 -0.07 3.65 3.12 
sw1,relay,pressure1,pressure2,pressure3
 0 0 -0.07 3.49 3.22 
sw1,relay,pressure1,pressure2,pressure3
 0 0 -0.06 3.66 3.11 
sw1,relay,pressure1,pressure2,pressure3
 0 0 -0.06 3.61 3.10 
sw1,relay,pressure1,pressure2,pressure3
 0 0 -0.06 3.65 3.13 
sw1,relay,pressure1,pressure2,pressure3
 0 0 -0.08 3.75 3.09 
sw1,relay,pressure1,pressure2,pressure3
 0 0 -0.06 3.65 3.12 
sw1,relay,pressure1,pressure2,pressure3
 0 0 -0.06 3.61 3.12 
sw1,relay,pressure1,pressure2,pressure3
 0 0 -0.05 3.63 3.12 
sw1,relay,pressure1,pressure2,pressure3
 0 0 -0.05 3.64 3.14 
sw1,relay,pressure1,pressure2,pressure3
 0 0 -0.08 3.65 3.13 
sw1,relay,pressure1,pressure2,pressure3
 0 0 -0.02 3.56 3.09 
sw1,relay,pressure1,pressure2,pressure3
 0 0 -0.00 3.60 3.16 
sw1,relay,pressure1,pressure2,pressure3
 0 0 0.06 3.63 3.20 
sw1,relay,pressure1,pressure2,pressure3
 0 0 0.07 3.61 3.21 
sw1,relay,pressure1,pressure2,pressure3
 0 0 -0.20 3.58 3.12 
sw1,relay,pressure1,pressure2,pressure3
 0 0 -0.27 3.54 3.00 
sw1,relay,pressure1,pressure2,pressure3
 0 0 -0.11 3.78 2.91 
sw1,relay,pressure1,pressure2,pressure3
 0 0 -0.05 3.64 3.15 
sw1,relay,pressure1,pressure2,pressure3
 0 0 -0.07 3.60 3.16 
sw1,relay,pressure1,pressure2,pressure3
 0 0 -0.04 3.65 3.16 
sw1,relay,pressure1,pressure2,pressure3
 0 0 -0.06 3.75 3.23 
sw1,relay,pressure1,pressure2,pressure3
 0 0 -0.05 3.54 3.18 
sw1,relay,pressure1,pressure2,pressure3
 0 0 -0.08 3.65 3.17 
sw1,relay,pressure1,pressure2,pressure3
 0 0 -0.05 3.68 3.22 
sw1,relay,pressure1,pressure2,pressure3
 0 0 -0.07 3.56 3.15 
sw1,relay,pressure1,pressure2,pressure3
 0 0 -0.05 3.59 3.19 
sw1,relay,pressure1,pressure2,pressure3
 0 0 -0.06 3.65 3.19 
sw1,relay,pressure1,pressure2,pressure3
 0 0 -0.07 3.65 3.18 
sw1,relay,pressure1,pressure2,pressure3
 0 0 -0.08 3.52 3.17 
sw1,relay,pressure1,pressure2,pressure3
 0 0 -0.07 3.65 3.18 
sw1,relay,pressure1,pressure2,pressure3
 0 0 -0.07 3.45 3.16 
sw1,relay,pressure1,pressure2,pressure3
 0 0 -0.08 3.58 3.19 
sw1,relay,pressure1,pressure2,pressure3
 0 1 -0.08 3.63 3.14 
sw1,relay,pressure1,pressure2,pressure3
 0 1 3.10 3.55 2.57 
sw1,relay,pressure1,pressure2,pressure3
 0 1 3.10 3.44 2.27 
sw1,relay,pressure1,pressure2,pressure3
 1 1 3.09 3.44 2.05 
sw1,relay,pressure1,pressure2,pressure3
 1 1 2.99 3.40 1.92 
sw1,relay,pressure1,pressure2,pressure3
 1 1 3.09 3.24 1.85 
sw1,relay,pressure1,pressure2,pressure3
 1 1 2.97 3.25 1.67 
sw1,relay,pressure1,pressure2,pressure3
 1 1 3.10 3.18 1.65 
sw1,relay,pressure1,pressure2,pressure3
 1 1 3.03 3.30 1.44 
sw1,relay,pressure1,pressure2,pressure3
 1 1 3.13 3.20 1.49 
sw1,relay,pressure1,pressure2,pressure3
 1 1 3.12 3.11 1.39 
sw1,relay,pressure1,pressure2,pressure3
 1 1 3.11 2.98 1.34 
sw1,relay,pressure1,pressure2,pressure3
 1 1 3.09 3.23 1.23 
sw1,relay,pressure1,pressure2,pressure3
 1 1 3.14 3.00 1.14 
sw1,relay,pressure1,pressure2,pressure3
 1 1 3.11 3.02 1.03 
sw1,relay,pressure1,pressure2,pressure3
 1 1 3.13 2.90 0.96 
sw1,relay,pressure1,pressure2,pressure3
 1 1 3.11 3.04 0.86 
sw1,relay,pressure1,pressure2,pressure3
 1 1 3.11 2.88 0.81 
sw1,relay,pressure1,pressure2,pressure3
 1 1 3.11 2.90 0.73 
sw1,relay,pressure1,pressure2,pressure3
 1 1 3.12 2.75 0.58 
sw1,relay,pressure1,pressure2,pressure3
 1 1 3.13 2.86 0.50 
sw1,relay,pressure1,pressure2,pressure3
 1 1 3.11 2.90 0.38 
sw1,relay,pressure1,pressure2,pressure3
 1 1 3.12 2.95 0.31 
sw1,relay,pressure1,pressure2,pressure3
 1 1 3.11 2.42 0.19 
sw1,relay,pressure1,pressure2,pressure3
 1 1 3.15 2.75 0.08 
sw1,relay,pressure1,pressure2,pressure3
 1 1 3.14 2.70 0.02 
sw1,relay,pressure1,pressure2,pressure3
 1 1 3.14 2.93 -0.07 
sw1,relay,pressure1,pressure2,pressure3
 1 1 3.13 2.76 -0.09 
sw1,relay,pressure1,pressure2,pressure3
 1 1 3.15 2.96 -0.09 
sw1,relay,pressure1,pressure2,pressure3
 1 1 3.13 2.92 -0.11 
sw1,relay,pressure1,pressure2,pressure3
 1 1 3.15 2.70 -0.13 
sw1,relay,pressure1,pressure2,pressure3
 1 1 3.14 2.75 -0.11 
sw1,relay,pressure1,pressure2,pressure3
 1 1 3.13 2.92 -0.11 
sw1,relay,pressure1,pressure2,pressure3
 1 1 3.15 2.74 -0.11 
sw1,relay,pressure1,pressure2,pressure3
 1 1 3.16 2.80 -0.11 
sw1,relay,pressure1,pressure2,pressure3
 1 1 3.17 2.85 -0.04 
sw1,relay,pressure1,pressure2,pressure3
 1 1 3.16 2.91 -0.12 
sw1,relay,pressure1,pressure2,pressure3
 1 1 3.16 2.80 -0.11 
sw1,relay,pressure1,pressure2,pressure3
 1 1 3.15 2.77 -0.12 
sw1,relay,pressure1,pressure2,pressure3
 1 1 3.16 2.89 -0.10 
sw1,relay,pressure1,pressure2,pressure3
 1 1 3.18 2.72 -0.13 
sw1,relay,pressure1,pressure2,pressure3
 1 1 3.18 2.83 -0.12 
sw1,relay,pressure1,pressure2,pressure3
 1 1 3.18 2.81 -0.11 
sw1,relay,pressure1,pressure2,pressure3
 1 1 3.19 2.81 -0.10 
sw1,relay,pressure1,pressure2,pressure3
 1 1 3.17 2.92 -0.10 
sw1,relay,pressure1,pressure2,pressure3
 1 1 3.22 2.82 -0.07 
sw1,relay,pressure1,pressure2,pressure3
 1 1 3.22 2.85 -0.11 
sw1,relay,pressure1,pressure2,pressure3
 1 1 3.22 2.84 -0.10 
sw1,relay,pressure1,pressure2,pressure3
 1 0 2.60 3.47 3.22 
sw1,relay,pressure1,pressure2,pressure3
 1 0 2.63 3.32 3.25 
sw1,relay,pressure1,pressure2,pressure3
 1 0 2.63 3.25 3.29 
sw1,relay,pressure1,pressure2,pressure3
 1 0 2.82 3.26 3.26 
sw1,relay,pressure1,pressure2,pressure3
 1 0 2.81 3.29 3.22 
sw1,relay,pressure1,pressure2,pressure3
 0 0 2.84 3.20 3.22 
sw1,relay,pressure1,pressure2,pressure3
 1 0 2.28 3.02 3.24 
sw1,relay,pressure1,pressure2,pressure3
 1 0 1.90 3.65 3.09 
sw1,relay,pressure1,pressure2,pressure3
 1 0 1.96 3.85 3.26 
sw1,relay,pressure1,pressure2,pressure3
 1 0 1.53 3.65 3.04 
sw1,relay,pressure1,pressure2,pressure3
 1 0 1.77 3.74 3.26 
sw1,relay,pressure1,pressure2,pressure3
 0 0 1.67 2.15 3.25 
sw1,relay,pressure1,pressure2,pressure3
 0 0 1.39 2.60 3.25 
sw1,relay,pressure1,pressure2,pressure3
 0 0 1.18 3.21 3.28 
sw1,relay,pressure1,pressure2,pressure3
 0 0 0.98 3.46 3.26 
sw1,relay,pressure1,pressure2,pressure3
 0 0 0.82 3.73 3.28 
sw1,relay,pressure1,pressure2,pressure3
 0 0 0.66 3.75 3.23 
sw1,relay,pressure1,pressure2,pressure3
 0 0 0.53 3.72 3.28 
sw1,relay,pressure1,pressure2,pressure3
 0 0 0.41 3.56 3.32 
sw1,relay,pressure1,pressure2,pressure3
 0 0 0.29 3.64 3.30 
sw1,relay,pressure1,pressure2,pressure3
 0 0 0.21 3.59 3.28 
sw1,relay,pressure1,pressure2,pressure3
 0 0 0.13 3.72 3.29 
sw1,relay,pressure1,pressure2,pressure3
 0 0 0.08 3.73 3.31 
sw1,relay,pressure1,pressure2,pressure3
 0 0 0.02 3.50 3.29 
sw1,relay,pressure1,pressure2,pressure3
 0 0 0.01 3.75 3.30 
sw1,relay,pressure1,pressure2,pressure3
 0 0 -0.01 3.61 3.30 
sw1,relay,pressure1,pressure2,pressure3
 0 0 -0.02 3.75 3.31 
sw1,relay,pressure1,pressure2,pressure3
 0 0 0.03 3.82 3.32 
sw1,relay,pressure1,pressure2,pressure3
 0 0 0.08 3.60 3.34 
sw1,relay,pressure1,pressure2,pressure3
 0 0 -0.18 3.65 3.28 
sw1,relay,pressure1,pressure2,pressure3
 0 0 -0.27 3.69 3.15 
sw1,relay,pressure1,pressure2,pressure3
 0 0 -0.31 3.46 3.10 
output5, HIGH
output5, LOW
output5, HIGH
output4, HIGH
output4, LOW
output3, LOW
output3, HIGH
output2, LOW
output2, HIGH
1 93889 temp: 22.56?C  state:  0 1  button: 0 pressure: -0.09 3.68 0.06 3.41  
chassis folded
2 94889 temp: 22.56?C  state:  1 0  button: 0 pressure: 3.37 2.83 -0.07 0.99  
3 95889 temp: 22.56?C  state:  1 0  button: 0 pressure: 3.36 2.71 -0.05 -0.10  
4 96889 temp: 22.62?C  state:  1 0  button: 0 pressure: 3.34 2.77 -0.05 -0.11  
5 97889 temp: 22.56?C  state:  1 0  button: 0 pressure: 3.37 2.70 -0.05 -0.12  
6 98889 temp: 22.62?C  state:  1 0  button: 0 pressure: 3.36 2.78 -0.03 -0.10  
chassis unfolded
7 99889 temp: 22.62?C  state:  0 1  button: 0 pressure: 1.39 3.57 0.07 3.36  
8 100889 temp: 22.56?C  state:  0 1  button: 0 pressure: 0.06 3.63 0.08 3.38  
9 101889 temp: 22.56?C  state:  0 1  button: 0 pressure: -0.11 3.58 0.08 3.36  
10 102889 temp: 22.56?C  state:  0 1  button: 0 pressure: -0.09 3.66 0.09 3.35  
11 103889 temp: 22.62?C  state:  0 1  button: 0 pressure: -0.22 3.58 0.06 3.26  
chassis folded
12 104889 temp: 22.56?C  state:  1 0  button: 0 pressure: 3.28 2.80 -0.02 0.99  
13 105889 temp: 22.56?C  state:  1 0  button: 0 pressure: 3.27 2.89 -0.05 -0.11  
14 106889 temp: 22.62?C  state:  1 0  button: 0 pressure: 3.28 2.91 -0.01 -0.11  
15 107889 temp: 22.62?C  state:  1 0  button: 0 pressure: 3.32 2.79 -0.01 -0.11  
16 108889 temp: 22.62?C  state:  1 0  button: 0 pressure: 3.29 2.84 -0.01 -0.15  
chassis unfolded
17 109889 temp: 22.62?C  state:  0 1  button: 0 pressure: 1.31 3.47 0.11 3.28  
18 110889 temp: 22.62?C  state:  0 1  button: 0 pressure: 0.03 3.58 0.13 3.30  
19 111889 temp: 22.62?C  state:  0 1  button: 0 pressure: -0.08 3.58 0.12 3.35  
20 112889 temp: 22.62?C  state:  0 1  button: 0 pressure: -0.09 3.72 0.12 3.30  
21 113889 temp: 22.62?C  state:  0 1  button: 0 pressure: -0.11 3.74 0.14 3.29  
chassis folded
output5, HIGH
